* WCF2.DATA  1/9/89 -- BULLETIN 17 EXAMPLES
*---+----1----+----2----+----3----+----4----+----5----+----6----+----7----+----8

Z                               USGS

*               LAT   LON                        AREA          ELEV
* STATIONID     DDMMSSDDDMMSS                    1234567123456712345678

H 12345678      3527470973329                    645.55        1202.01
N 12345678      OKLAHOMA FROM ES3
Y 12345678      20.0
2 12345678
3 12345678      19230101 200000
3 12345678      19240101 42000
3 12345678      19250101 11300
3 12345678      19260101 32400
3 12345678      19270101 108000
3 12345678      19280101 73000
3 12345678      19290101 76500
3 12345678      19300101 47800
3 12345678      19310101 28200
3 12345678      19320101 33700
3 12345678      19330101 25700
3 12345678      19340101 11700
3 12345678      19350101 77800
3 12345678      19360101 26600
3 12345678      19370101 47500
3 12345678      19380101 75600
3 12345678      19390101 19200
3 12345678      19400101 27800
3 12345678      19410101 51000
3 12345678      19420101 94000
3 12345678      19430101 97200
3 12345678      19440101 179000
3 12345678      19450101 124000
3 12345678      19460101 110000
3 12345678      19470101 114000
3 12345678      19480101 70200
3 12345678      19490101 70700
3 12345678      19500101 92800
3 12345678      19510101 135000
3 12345678      19520101 25800
3 12345678      19530101 17500
3 12345678      19540101 18700
3 12345678      19550101 36300
3 12345678      19560101 49200
3 12345678      19570101 120000
3 12345678      19580101 56800
3 12345678      19590101 54800
3 12345678      19600101 158000
3 12345678      19610101 165000
3 12345678      19620101 103000
3 12345678      19630101 19700
3 12345678      19640101 21100
3 12345678      19650101 171000
3 12345678      19660101 10400
3 12345678      19670101 42000
3 12345678      19680101 52800
3 12345678      19690101 77000
3 12345678      19700101 101000
3 12345678      19710101 17100         
*
