Z08144800                       USGS 
H08144800       3111030995027004848095SW12090110101    101     2000.99          
N08144800       Brady Ck nr Eden, TX
Y08144800       
308144800       19611009    2786               3.18                      
308144800       19630505   3.006               1.45                      
308144800       19631001   0.006                                         
308144800       19650518   57.06               2.24                      
308144800       19660428   51106               7.08                      
308144800       19670817   45606               6.72                      
308144800       19680310   11.06               1.78                      
308144800       19690911    9466               4.37                      
308144800       19700515   12.06               1.83                      
308144800       19710530   10206               4.04                      
308144800       19720615    3756               3.00                      
308144800       19730603    4106               3.07                      
308144800       19731012   33206               6.16                      
308144800       19750511    2446               3.07                      
308144800       19760711    4736               3.51                      
308144800       19770624   37206               6.45                      
308144800       19780528   38.06               1.84                      
308144800       19790809   10.06               1.51                      
308144800       19800909   13506               4.58                      
308144800       19810516   48.06               2.03                      
308144800       19820505    1776               2.71                      
308144800       19830606    1356               2.55                      
308144800       19840812    3336               3.14                      
308144800       19841231   60.06               2.08    